47
dr121bcrk  0.0000000 0.0173161 0.0169229 0.0177468 0.0004023 0.0181401 0.0175308 0.0193514 0.0185544 0.0124197 0.0128495 0.0122374 0.0127849 0.0004019 0.0008041 0.0165062 0.0175194 0.0154128 0.0121811 0.0126627 0.0119634 0.0127927 0.0126047 0.0019210 0.0026184 0.0196583 0.0181465 0.0121675 0.0121789 0.0123790 0.0196374 0.0181851 0.0146316 0.0148376 0.0146316 0.0204415 0.0210414 0.0181764 0.0162775 0.0162773 0.0160642 0.0199078 0.0194894 0.0030220 0.0028182 0.0028182 0.0026164 
dr122mcld  0.0173161 0.0000000 0.0004017 0.0012061 0.0171207 0.0172981 0.0166896 0.0102084 0.0095048 0.0103589 0.0114044 0.0105877 0.0111426 0.0173072 0.0171093 0.0004016 0.0098218 0.0094028 0.0099265 0.0097743 0.0097120 0.0109483 0.0107548 0.0200320 0.0195901 0.0099589 0.0175023 0.0101196 0.0099247 0.0101249 0.0200313 0.0175467 0.0076758 0.0078793 0.0076758 0.0206297 0.0216434 0.0171065 0.0099138 0.0103212 0.0101128 0.0205115 0.0198762 0.0200035 0.0197824 0.0197824 0.0195749 
dr123mcld  0.0169229 0.0004017 0.0000000 0.0008036 0.0167185 0.0168965 0.0162878 0.0097957 0.0088986 0.0099559 0.0110006 0.0101838 0.0107408 0.0169054 0.0167074 0.0000010 0.0094100 0.0089969 0.0095244 0.0093750 0.0093135 0.0105462 0.0103523 0.0194832 0.0191882 0.0095292 0.0170960 0.0097179 0.0095226 0.0097263 0.0196288 0.0171354 0.0072742 0.0074776 0.0072742 0.0202278 0.0212419 0.0166911 0.0095122 0.0099196 0.0097114 0.0201078 0.0194727 0.0196016 0.0193808 0.0193808 0.0191733 
dr124mcld  0.0177468 0.0012061 0.0008036 0.0000000 0.0175423 0.0173024 0.0171102 0.0102102 0.0095064 0.0107736 0.0118210 0.0110036 0.0115568 0.0177285 0.0175306 0.0006028 0.0092061 0.0096123 0.0103398 0.0097819 0.0097178 0.0109483 0.0109607 0.0197420 0.0195951 0.0095223 0.0175067 0.0103274 0.0101299 0.0103363 0.0200364 0.0175512 0.0076778 0.0078813 0.0076778 0.0206350 0.0216489 0.0171109 0.0099138 0.0103238 0.0101153 0.0205168 0.0198812 0.0200086 0.0197874 0.0197874 0.0195799 
dr125bcrk  0.0004023 0.0171207 0.0167185 0.0175423 0.0000000 0.0179357 0.0173265 0.0191401 0.0183500 0.0120100 0.0124389 0.0118270 0.0123765 0.0000010 0.0004022 0.0163104 0.0173174 0.0149987 0.0117726 0.0122581 0.0115595 0.0123840 0.0121925 0.0016463 0.0024159 0.0194340 0.0179397 0.0117595 0.0117705 0.0119747 0.0194323 0.0179803 0.0142222 0.0144281 0.0142222 0.0202365 0.0208365 0.0179693 0.0158672 0.0158670 0.0156542 0.0197019 0.0192836 0.0028205 0.0026168 0.0026168 0.0026168 
dr126tenn  0.0181401 0.0172981 0.0168965 0.0173024 0.0179357 0.0000000 0.0008030 0.0174434 0.0168721 0.0161168 0.0167613 0.0159406 0.0164706 0.0181214 0.0175115 0.0164890 0.0154108 0.0187206 0.0156608 0.0151350 0.0148247 0.0156592 0.0158821 0.0200081 0.0195737 0.0167395 0.0008110 0.0148210 0.0146302 0.0150398 0.0214663 0.0014081 0.0166697 0.0168761 0.0166697 0.0226855 0.0228688 0.0010163 0.0179005 0.0183124 0.0180980 0.0219516 0.0217399 0.0197792 0.0195585 0.0195585 0.0193512 
dr127tenn  0.0175308 0.0166896 0.0162878 0.0171102 0.0173265 0.0008030 0.0000000 0.0170296 0.0162643 0.0155067 0.0159428 0.0153255 0.0158625 0.0175127 0.0169027 0.0158803 0.0152155 0.0183164 0.0150525 0.0149404 0.0146313 0.0154622 0.0154732 0.0197481 0.0193826 0.0165337 0.0010157 0.0144206 0.0142294 0.0146390 0.0212760 0.0014089 0.0164773 0.0166838 0.0164773 0.0224961 0.0226798 0.0010167 0.0177089 0.0181209 0.0179065 0.0217610 0.0215492 0.0195883 0.0193676 0.0193676 0.0191603 
dr128sier  0.0193514 0.0102084 0.0097957 0.0102102 0.0191401 0.0174434 0.0170296 0.0000000 0.0010119 0.0137682 0.0144128 0.0137949 0.0143397 0.0193313 0.0189244 0.0093938 0.0030637 0.0124004 0.0135210 0.0136087 0.0126876 0.0141458 0.0137427 0.0222735 0.0210150 0.0013005 0.0178620 0.0133022 0.0133147 0.0135211 0.0206117 0.0180737 0.0108249 0.0110312 0.0108249 0.0212201 0.0220324 0.0176233 0.0130929 0.0135058 0.0132931 0.0210980 0.0206742 0.0214328 0.0212083 0.0212083 0.0209986 
dr129sier  0.0185544 0.0095048 0.0088986 0.0095064 0.0183500 0.0168721 0.0162643 0.0010119 0.0000000 0.0130260 0.0138695 0.0130510 0.0135944 0.0185353 0.0181322 0.0086977 0.0024389 0.0116672 0.0127867 0.0128655 0.0119588 0.0134017 0.0130055 0.0211473 0.0202014 0.0006437 0.0172799 0.0125675 0.0125792 0.0127835 0.0198066 0.0173264 0.0101152 0.0103194 0.0101152 0.0204046 0.0214173 0.0170992 0.0123605 0.0127692 0.0125590 0.0202855 0.0198661 0.0206150 0.0203934 0.0203934 0.0201858 
dr130cam   0.0124197 0.0103589 0.0099559 0.0107736 0.0120100 0.0161168 0.0155067 0.0137682 0.0130260 0.0000000 0.0008095 0.0002024 0.0008054 0.0119968 0.0120030 0.0095493 0.0127698 0.0086061 0.0028288 0.0026325 0.0020180 0.0034368 0.0032374 0.0157875 0.0155008 0.0137335 0.0163075 0.0022193 0.0022214 0.0024236 0.0215653 0.0163630 0.0062745 0.0064782 0.0062745 0.0213307 0.0227650 0.0162699 0.0076995 0.0076994 0.0074923 0.0218432 0.0213379 0.0159129 0.0156954 0.0156954 0.0154887 
dr131cam   0.0128495 0.0114044 0.0110006 0.0118210 0.0124389 0.0167613 0.0159428 0.0144128 0.0138695 0.0008095 0.0000000 0.0008110 0.0014135 0.0124252 0.0124317 0.0105930 0.0136228 0.0091922 0.0036444 0.0032590 0.0026285 0.0042541 0.0034443 0.0166369 0.0159367 0.0146359 0.0169600 0.0028300 0.0028327 0.0030353 0.0222248 0.0170097 0.0068950 0.0070991 0.0068950 0.0219889 0.0234259 0.0169881 0.0083233 0.0083233 0.0081154 0.0225054 0.0220834 0.0163496 0.0161314 0.0161314 0.0159243 
dr134cam   0.0122374 0.0105877 0.0101838 0.0110036 0.0118270 0.0159406 0.0153255 0.0137949 0.0130510 0.0002024 0.0008110 0.0000000 0.0004033 0.0118139 0.0118201 0.0097762 0.0127947 0.0084159 0.0028340 0.0024437 0.0018194 0.0034422 0.0032425 0.0155102 0.0153235 0.0137618 0.0161295 0.0020210 0.0020229 0.0022255 0.0213974 0.0161867 0.0060826 0.0062866 0.0060826 0.0211627 0.0225995 0.0161521 0.0075098 0.0075098 0.0073024 0.0216752 0.0212536 0.0155265 0.0155185 0.0155185 0.0153116 
dr135cam   0.0127849 0.0111426 0.0107408 0.0115568 0.0123765 0.0164706 0.0158625 0.0143397 0.0135944 0.0008054 0.0014135 0.0004033 0.0000000 0.0123629 0.0123693 0.0103353 0.0133458 0.0089862 0.0034242 0.0030394 0.0024138 0.0040306 0.0038323 0.0157856 0.0158537 0.0143398 0.0166648 0.0026143 0.0026168 0.0028184 0.0219035 0.0167169 0.0066576 0.0068606 0.0066576 0.0216692 0.0230987 0.0166923 0.0080783 0.0080782 0.0078716 0.0221815 0.0217619 0.0162673 0.0160503 0.0160503 0.0158442 
dr136bcrk  0.0004019 0.0173072 0.0169054 0.0177285 0.0000010 0.0181214 0.0175127 0.0193313 0.0185353 0.0119968 0.0124252 0.0118139 0.0123629 0.0000000 0.0004017 0.0164977 0.0175103 0.0149820 0.0117597 0.0122445 0.0115468 0.0123704 0.0121821 0.0016439 0.0026150 0.0196312 0.0181275 0.0117466 0.0117575 0.0119616 0.0196171 0.0181663 0.0142066 0.0144122 0.0142066 0.0202141 0.0210197 0.0181574 0.0158497 0.0158496 0.0156370 0.0198871 0.0194691 0.0030190 0.0028153 0.0028153 0.0028153 
dr137bcrk  0.0008041 0.0171093 0.0167074 0.0175306 0.0004022 0.0175115 0.0169027 0.0189244 0.0181322 0.0120030 0.0124317 0.0118201 0.0123693 0.0004017 0.0000000 0.0162995 0.0171023 0.0149898 0.0117657 0.0122509 0.0115528 0.0121726 0.0119840 0.0016443 0.0022134 0.0192039 0.0175105 0.0117526 0.0117636 0.0119678 0.0198338 0.0175549 0.0140094 0.0142151 0.0140094 0.0204310 0.0212370 0.0175394 0.0158579 0.0158578 0.0156451 0.0201047 0.0196864 0.0024140 0.0022116 0.0022116 0.0020103 
dr138mcld  0.0165062 0.0004016 0.0000010 0.0006028 0.0163104 0.0164890 0.0158803 0.0093938 0.0086977 0.0095493 0.0105930 0.0097762 0.0103353 0.0164977 0.0162995 0.0000000 0.0090053 0.0089993 0.0093209 0.0091672 0.0091071 0.0101404 0.0099461 0.0189194 0.0187795 0.0090950 0.0166837 0.0093128 0.0093192 0.0095195 0.0194225 0.0167357 0.0072761 0.0074796 0.0072761 0.0200216 0.0208330 0.0162871 0.0095147 0.0099223 0.0097140 0.0196970 0.0192708 0.0191928 0.0189724 0.0189724 0.0187650 
dr139sier  0.0175194 0.0098218 0.0094100 0.0092061 0.0173174 0.0154108 0.0152155 0.0030637 0.0024389 0.0127698 0.0136228 0.0127947 0.0133458 0.0175103 0.0171023 0.0090053 0.0000000 0.0116005 0.0123208 0.0121801 0.0112707 0.0123185 0.0123326 0.0197703 0.0187705 0.0019579 0.0158053 0.0120985 0.0121099 0.0123123 0.0189938 0.0158329 0.0100299 0.0102365 0.0100299 0.0200225 0.0204185 0.0155740 0.0118882 0.0123015 0.0120892 0.0194753 0.0190515 0.0191882 0.0189654 0.0189654 0.0187558 
dr148hum   0.0154128 0.0094028 0.0089969 0.0096123 0.0149987 0.0187206 0.0183164 0.0124004 0.0116672 0.0086061 0.0091922 0.0084159 0.0089862 0.0149820 0.0149898 0.0089993 0.0116005 0.0000000 0.0071444 0.0078084 0.0073435 0.0085820 0.0079730 0.0186124 0.0179004 0.0120568 0.0189440 0.0079557 0.0077576 0.0079627 0.0208673 0.0189757 0.0050884 0.0052929 0.0050871 0.0210526 0.0222854 0.0189756 0.0022337 0.0022327 0.0020295 0.0211444 0.0207213 0.0181076 0.0180953 0.0180953 0.0178864 
dr150lobos 0.0121811 0.0099265 0.0095244 0.0103398 0.0117726 0.0156608 0.0150525 0.0135210 0.0127867 0.0028288 0.0036444 0.0028340 0.0034242 0.0117597 0.0117657 0.0093209 0.0123208 0.0071444 0.0000000 0.0024323 0.0022134 0.0012068 0.0004026 0.0152492 0.0152528 0.0134727 0.0154295 0.0024147 0.0024163 0.0026171 0.0208826 0.0154929 0.0060544 0.0062573 0.0060544 0.0210646 0.0220794 0.0152473 0.0066630 0.0066630 0.0064572 0.0211573 0.0205305 0.0156637 0.0154470 0.0154470 0.0152411 
dr165anvo  0.0126627 0.0097743 0.0093750 0.0097819 0.0122581 0.0151350 0.0149404 0.0136087 0.0128655 0.0026325 0.0032590 0.0024437 0.0030394 0.0122445 0.0122509 0.0091672 0.0121801 0.0078084 0.0024323 0.0000000 0.0008084 0.0028382 0.0028414 0.0149665 0.0153443 0.0131190 0.0153146 0.0002020 0.0000010 0.0002022 0.0210086 0.0153793 0.0052758 0.0054797 0.0052758 0.0207741 0.0222125 0.0152421 0.0067032 0.0067032 0.0064961 0.0212854 0.0207702 0.0157576 0.0155396 0.0155396 0.0153324 
dr166anvo  0.0119634 0.0097120 0.0093135 0.0097178 0.0115595 0.0148247 0.0146313 0.0126876 0.0119588 0.0020180 0.0026285 0.0018194 0.0024138 0.0115468 0.0115528 0.0091071 0.0112707 0.0073435 0.0022134 0.0008084 0.0000000 0.0024153 0.0024180 0.0146719 0.0146220 0.0121467 0.0149993 0.0008030 0.0008035 0.0010043 0.0204476 0.0150665 0.0048348 0.0050372 0.0048348 0.0202156 0.0216436 0.0150240 0.0062515 0.0062515 0.0060462 0.0207205 0.0203019 0.0150321 0.0148163 0.0148163 0.0146107 
dr178mpine 0.0127927 0.0109483 0.0105462 0.0109483 0.0123840 0.0156592 0.0154622 0.0141458 0.0134017 0.0034368 0.0042541 0.0034422 0.0040306 0.0123704 0.0121726 0.0101404 0.0123185 0.0085820 0.0012068 0.0028382 0.0024153 0.0000000 0.0010063 0.0149644 0.0152461 0.0136913 0.0154279 0.0028179 0.0028186 0.0030223 0.0215028 0.0154912 0.0062561 0.0064591 0.0062561 0.0216842 0.0226991 0.0152418 0.0074722 0.0074740 0.0072677 0.0217797 0.0211524 0.0156568 0.0154402 0.0154402 0.0152343 
dr179mpine 0.0126047 0.0107548 0.0103523 0.0109607 0.0121925 0.0158821 0.0154732 0.0137427 0.0130055 0.0032374 0.0034443 0.0032425 0.0038323 0.0121821 0.0119840 0.0099461 0.0123326 0.0079730 0.0004026 0.0028414 0.0024180 0.0010063 0.0000000 0.0152742 0.0152685 0.0134889 0.0156531 0.0028201 0.0028220 0.0030236 0.0213184 0.0157145 0.0062632 0.0064664 0.0062632 0.0215002 0.0225161 0.0154671 0.0072771 0.0072789 0.0070725 0.0215949 0.0209672 0.0156798 0.0154629 0.0154629 0.0152567 
as01bcrk   0.0019210 0.0200320 0.0194832 0.0197420 0.0016463 0.0200081 0.0197481 0.0222735 0.0211473 0.0157875 0.0166369 0.0155102 0.0157856 0.0016439 0.0016443 0.0189194 0.0197703 0.0186124 0.0152492 0.0149665 0.0146719 0.0149644 0.0152742 0.0000000 0.0005470 0.0205825 0.0194473 0.0146684 0.0146871 0.0149665 0.0192245 0.0197921 0.0171917 0.0174734 0.0171917 0.0203198 0.0211390 0.0196160 0.0191626 0.0191622 0.0188691 0.0195914 0.0189059 0.0005470 0.0005468 0.0005468 0.0005468 
as02bcrk   0.0026184 0.0195901 0.0191882 0.0195951 0.0024159 0.0195737 0.0193826 0.0210150 0.0202014 0.0155008 0.0159367 0.0153235 0.0158537 0.0026150 0.0022134 0.0187795 0.0187705 0.0179004 0.0152528 0.0153443 0.0146220 0.0152461 0.0152685 0.0005470 0.0000000 0.0207519 0.0195969 0.0150286 0.0150427 0.0152477 0.0189889 0.0196223 0.0166773 0.0168839 0.0166773 0.0199997 0.0205988 0.0196258 0.0185326 0.0185324 0.0183178 0.0192566 0.0188392 0.0002007 0.0000010 0.0000010 0.0002006 
as03sier   0.0196583 0.0099589 0.0095292 0.0095223 0.0194340 0.0167395 0.0165337 0.0013005 0.0006437 0.0137335 0.0146359 0.0137618 0.0143398 0.0196312 0.0192039 0.0090950 0.0019579 0.0120568 0.0134727 0.0131190 0.0121467 0.0136913 0.0134889 0.0205825 0.0207519 0.0000000 0.0169665 0.0130187 0.0130317 0.0132505 0.0203312 0.0172250 0.0101736 0.0103921 0.0101736 0.0209654 0.0220551 0.0169806 0.0125765 0.0130139 0.0127888 0.0208461 0.0203966 0.0211949 0.0209571 0.0209571 0.0209571 
as06koot   0.0181465 0.0175023 0.0170960 0.0175067 0.0179397 0.0008110 0.0010157 0.0178620 0.0172799 0.0163075 0.0169600 0.0161295 0.0166648 0.0181275 0.0175105 0.0166837 0.0158053 0.0189440 0.0154295 0.0153146 0.0149993 0.0154279 0.0156531 0.0194473 0.0195969 0.0169665 0.0000000 0.0149955 0.0148026 0.0152170 0.0219318 0.0006093 0.0168662 0.0170751 0.0168662 0.0231657 0.0233507 0.0000010 0.0181118 0.0185285 0.0183115 0.0224247 0.0222102 0.0198047 0.0195815 0.0195815 0.0193718 
cp25anvo   0.0121675 0.0101196 0.0097179 0.0103274 0.0117595 0.0148210 0.0144206 0.0133022 0.0125675 0.0022193 0.0028300 0.0020210 0.0026143 0.0117466 0.0117526 0.0093128 0.0120985 0.0079557 0.0024147 0.0002020 0.0008030 0.0028179 0.0028201 0.0146684 0.0150286 0.0130187 0.0149955 0.0000000 0.0000010 0.0002007 0.0208572 0.0150627 0.0054403 0.0056429 0.0054403 0.0206246 0.0220526 0.0150202 0.0068580 0.0068579 0.0066522 0.0211315 0.0207127 0.0154388 0.0152227 0.0152227 0.0150170 
cp26anvo   0.0121789 0.0099247 0.0095226 0.0101299 0.0117705 0.0146302 0.0142294 0.0133147 0.0125792 0.0022214 0.0028327 0.0020229 0.0026168 0.0117575 0.0117636 0.0093192 0.0121099 0.0077576 0.0024163 0.0000010 0.0008035 0.0028186 0.0028220 0.0146871 0.0150427 0.0130317 0.0148026 0.0000010 0.0000000 0.0002009 0.0208769 0.0148716 0.0052428 0.0054454 0.0052428 0.0206441 0.0220734 0.0148270 0.0066596 0.0066612 0.0064555 0.0211515 0.0207323 0.0154533 0.0152370 0.0152370 0.0150311 
cp27anvo   0.0123790 0.0101249 0.0097263 0.0103363 0.0119747 0.0150398 0.0146390 0.0135211 0.0127835 0.0024236 0.0030353 0.0022255 0.0028184 0.0119616 0.0119678 0.0095195 0.0123123 0.0079627 0.0026171 0.0002022 0.0010043 0.0030223 0.0030236 0.0149665 0.0152477 0.0132505 0.0152170 0.0002007 0.0002009 0.0000000 0.0210839 0.0152823 0.0054450 0.0056477 0.0054450 0.0208508 0.0222803 0.0152421 0.0068639 0.0068638 0.0066580 0.0213593 0.0209399 0.0156584 0.0154418 0.0154418 0.0152359 
as310dnmk  0.0196374 0.0200313 0.0196288 0.0200364 0.0194323 0.0214663 0.0212760 0.0206117 0.0198066 0.0215653 0.0222248 0.0213974 0.0219035 0.0196171 0.0198338 0.0194225 0.0189938 0.0208673 0.0208826 0.0210086 0.0204476 0.0215028 0.0213184 0.0192245 0.0189889 0.0203312 0.0219318 0.0208572 0.0208769 0.0210839 0.0000000 0.0215197 0.0202254 0.0204335 0.0202254 0.0016089 0.0014084 0.0215438 0.0208486 0.0208483 0.0206315 0.0002018 0.0002018 0.0194024 0.0191817 0.0191817 0.0189742 
ms552albt  0.0181851 0.0175467 0.0171354 0.0175512 0.0179803 0.0014081 0.0014089 0.0180737 0.0173264 0.0163630 0.0170097 0.0161867 0.0167169 0.0181663 0.0175549 0.0167357 0.0158329 0.0189757 0.0154929 0.0153793 0.0150665 0.0154912 0.0157145 0.0197921 0.0196223 0.0172250 0.0006093 0.0150627 0.0148716 0.0152823 0.0215197 0.0000000 0.0169165 0.0171235 0.0169165 0.0227420 0.0229257 0.0004064 0.0181506 0.0185636 0.0183485 0.0220065 0.0217942 0.0198283 0.0196070 0.0196070 0.0193992 
ms554sono  0.0146316 0.0076758 0.0072742 0.0076778 0.0142222 0.0166697 0.0164773 0.0108249 0.0101152 0.0062745 0.0068950 0.0060826 0.0066576 0.0142066 0.0140094 0.0072761 0.0100299 0.0050884 0.0060544 0.0052758 0.0048348 0.0062561 0.0062632 0.0171917 0.0166773 0.0101736 0.0168662 0.0054403 0.0052428 0.0054450 0.0202254 0.0169165 0.0000000 0.0002005 0.0000010 0.0202016 0.0216286 0.0168940 0.0042264 0.0042264 0.0040227 0.0204974 0.0200792 0.0168821 0.0168707 0.0168707 0.0166645 
ms555sono  0.0148376 0.0078793 0.0074776 0.0078813 0.0144281 0.0168761 0.0166838 0.0110312 0.0103194 0.0064782 0.0070991 0.0062866 0.0068606 0.0144122 0.0142151 0.0074796 0.0102365 0.0052929 0.0062573 0.0054797 0.0050372 0.0064591 0.0064664 0.0174734 0.0168839 0.0103921 0.0170751 0.0056429 0.0054454 0.0056477 0.0204335 0.0171235 0.0002005 0.0000000 0.0002005 0.0204094 0.0218367 0.0171033 0.0044285 0.0044284 0.0042246 0.0207062 0.0202879 0.0170887 0.0170772 0.0170772 0.0168708 
ms557sono  0.0146316 0.0076758 0.0072742 0.0076778 0.0142222 0.0166697 0.0164773 0.0108249 0.0101152 0.0062745 0.0068950 0.0060826 0.0066576 0.0142066 0.0140094 0.0072761 0.0100299 0.0050871 0.0060544 0.0052758 0.0048348 0.0062561 0.0062632 0.0171917 0.0166773 0.0101736 0.0168662 0.0054403 0.0052428 0.0054450 0.0202254 0.0169165 0.0000010 0.0002005 0.0000000 0.0202016 0.0216286 0.0168940 0.0042264 0.0042253 0.0040227 0.0204974 0.0200792 0.0168821 0.0168707 0.0168707 0.0166645 
ms561aus   0.0204415 0.0206297 0.0202278 0.0206350 0.0202365 0.0226855 0.0224961 0.0212201 0.0204046 0.0213307 0.0219889 0.0211627 0.0216692 0.0202141 0.0204310 0.0200216 0.0200225 0.0210526 0.0210646 0.0207741 0.0202156 0.0216842 0.0215002 0.0203198 0.0199997 0.0209654 0.0231657 0.0206246 0.0206441 0.0208508 0.0016089 0.0227420 0.0202016 0.0204094 0.0202016 0.0000000 0.0026124 0.0227830 0.0212383 0.0212381 0.0210212 0.0018160 0.0016149 0.0204132 0.0201917 0.0201917 0.0199842 
ms562aus   0.0210414 0.0216434 0.0212419 0.0216489 0.0208365 0.0228688 0.0226798 0.0220324 0.0214173 0.0227650 0.0234259 0.0225995 0.0230987 0.0210197 0.0212370 0.0208330 0.0204185 0.0222854 0.0220794 0.0222125 0.0216436 0.0226991 0.0225161 0.0211390 0.0205988 0.0220551 0.0233507 0.0220526 0.0220734 0.0222803 0.0014084 0.0229257 0.0216286 0.0218367 0.0216286 0.0026124 0.0000000 0.0229687 0.0222516 0.0222514 0.0220340 0.0016135 0.0018151 0.0210123 0.0207904 0.0207904 0.0205829 
ms564albt  0.0181764 0.0171065 0.0166911 0.0171109 0.0179693 0.0010163 0.0010167 0.0176233 0.0170992 0.0162699 0.0169881 0.0161521 0.0166923 0.0181574 0.0175394 0.0162871 0.0155740 0.0189756 0.0152473 0.0152421 0.0150240 0.0152418 0.0154671 0.0196160 0.0196258 0.0169806 0.0000010 0.0150202 0.0148270 0.0152421 0.0215438 0.0004064 0.0168940 0.0171033 0.0168940 0.0227830 0.0229687 0.0000000 0.0181416 0.0185590 0.0183416 0.0220358 0.0217231 0.0198375 0.0196138 0.0196138 0.0194037 
ms570hum   0.0162775 0.0099138 0.0095122 0.0099138 0.0158672 0.0179005 0.0177089 0.0130929 0.0123605 0.0076995 0.0083233 0.0075098 0.0080783 0.0158497 0.0158579 0.0095147 0.0118882 0.0022337 0.0066630 0.0067032 0.0062515 0.0074722 0.0072771 0.0191626 0.0185326 0.0125765 0.0181118 0.0068580 0.0066596 0.0068639 0.0208486 0.0181506 0.0042264 0.0044285 0.0042264 0.0212383 0.0222516 0.0181416 0.0000000 0.0004012 0.0002005 0.0211227 0.0207041 0.0187378 0.0187252 0.0187252 0.0185183 
ms591hum   0.0162773 0.0103212 0.0099196 0.0103238 0.0158670 0.0183124 0.0181209 0.0135058 0.0127692 0.0076994 0.0083233 0.0075098 0.0080782 0.0158496 0.0158578 0.0099223 0.0123015 0.0022327 0.0066630 0.0067032 0.0062515 0.0074740 0.0072789 0.0191622 0.0185324 0.0130139 0.0185285 0.0068579 0.0066612 0.0068638 0.0208483 0.0185636 0.0042264 0.0044284 0.0042253 0.0212381 0.0222514 0.0185590 0.0004012 0.0000000 0.0002005 0.0211225 0.0207039 0.0187376 0.0187250 0.0187250 0.0185181 
ms592hum   0.0160642 0.0101128 0.0097114 0.0101153 0.0156542 0.0180980 0.0179065 0.0132931 0.0125590 0.0074923 0.0081154 0.0073024 0.0078716 0.0156370 0.0156451 0.0097140 0.0120892 0.0020295 0.0064572 0.0064961 0.0060462 0.0072677 0.0070725 0.0188691 0.0183178 0.0127888 0.0183115 0.0066522 0.0064555 0.0066580 0.0206315 0.0183485 0.0040227 0.0042246 0.0040227 0.0210212 0.0220340 0.0183416 0.0002005 0.0002005 0.0000000 0.0209047 0.0204865 0.0185228 0.0185103 0.0185103 0.0183036 
ms600rom   0.0199078 0.0205115 0.0201078 0.0205168 0.0197019 0.0219516 0.0217610 0.0210980 0.0202855 0.0218432 0.0225054 0.0216752 0.0221815 0.0198871 0.0201047 0.0196970 0.0194753 0.0211444 0.0211573 0.0212854 0.0207205 0.0217797 0.0215949 0.0195914 0.0192566 0.0208461 0.0224247 0.0211315 0.0211515 0.0213593 0.0002018 0.0220065 0.0204974 0.0207062 0.0204974 0.0018160 0.0016135 0.0220358 0.0211227 0.0211225 0.0209047 0.0000000 0.0004051 0.0196715 0.0194498 0.0194498 0.0192416 
ms608rom   0.0194894 0.0198762 0.0194727 0.0198812 0.0192836 0.0217399 0.0215492 0.0206742 0.0198661 0.0213379 0.0220834 0.0212536 0.0217619 0.0194691 0.0196864 0.0192708 0.0190515 0.0207213 0.0205305 0.0207702 0.0203019 0.0211524 0.0209672 0.0189059 0.0188392 0.0203966 0.0222102 0.0207127 0.0207323 0.0209399 0.0002018 0.0217942 0.0200792 0.0202879 0.0200792 0.0016149 0.0018151 0.0217231 0.0207041 0.0207039 0.0204865 0.0004051 0.0000000 0.0192538 0.0190326 0.0190326 0.0188245 
ms643bcrk  0.0030220 0.0200035 0.0196016 0.0200086 0.0028205 0.0197792 0.0195883 0.0214328 0.0206150 0.0159129 0.0163496 0.0155265 0.0162673 0.0030190 0.0024140 0.0191928 0.0191882 0.0181076 0.0156637 0.0157576 0.0150321 0.0156568 0.0156798 0.0005470 0.0002007 0.0211949 0.0198047 0.0154388 0.0154533 0.0156584 0.0194024 0.0198283 0.0168821 0.0170887 0.0168821 0.0204132 0.0210123 0.0198375 0.0187378 0.0187376 0.0185228 0.0196715 0.0192538 0.0000000 0.0002005 0.0002005 0.0004011 
ms644bcrk  0.0028182 0.0197824 0.0193808 0.0197874 0.0026168 0.0195585 0.0193676 0.0212083 0.0203934 0.0156954 0.0161314 0.0155185 0.0160503 0.0028153 0.0022116 0.0189724 0.0189654 0.0180953 0.0154470 0.0155396 0.0148163 0.0154402 0.0154629 0.0005468 0.0000010 0.0209571 0.0195815 0.0152227 0.0152370 0.0154418 0.0191817 0.0196070 0.0168707 0.0170772 0.0168707 0.0201917 0.0207904 0.0196138 0.0187252 0.0187250 0.0185103 0.0194498 0.0190326 0.0002005 0.0000000 0.0000010 0.0002005 
ms645bcrk  0.0028182 0.0197824 0.0193808 0.0197874 0.0026168 0.0195585 0.0193676 0.0212083 0.0203934 0.0156954 0.0161314 0.0155185 0.0160503 0.0028153 0.0022116 0.0189724 0.0189654 0.0180953 0.0154470 0.0155396 0.0148163 0.0154402 0.0154629 0.0005468 0.0000010 0.0209571 0.0195815 0.0152227 0.0152370 0.0154418 0.0191817 0.0196070 0.0168707 0.0170772 0.0168707 0.0201917 0.0207904 0.0196138 0.0187252 0.0187250 0.0185103 0.0194498 0.0190326 0.0002005 0.0000010 0.0000000 0.0002005 
ms646bcrk  0.0026164 0.0195749 0.0191733 0.0195799 0.0026168 0.0193512 0.0191603 0.0209986 0.0201858 0.0154887 0.0159243 0.0153116 0.0158442 0.0028153 0.0020103 0.0187650 0.0187558 0.0178864 0.0152411 0.0153324 0.0146107 0.0152343 0.0152567 0.0005468 0.0002006 0.0209571 0.0193718 0.0150170 0.0150311 0.0152359 0.0189742 0.0193992 0.0166645 0.0168708 0.0166645 0.0199842 0.0205829 0.0194037 0.0185183 0.0185181 0.0183036 0.0192416 0.0188245 0.0004011 0.0002005 0.0002005 0.0000000 
